{
"filefrom": "dl4j",
"ordering": "c",
"shape":	[130, 130],
"data":
[[  5.020610094070435000E-1,  5.085224509239197000E-1,  4.965567290782928500E-1,  5.205128192901611000E-1,  5.163102149963379000E-1,  4.698238968849182000E-1,  4.991885721683502000E-1,  4.878975749015808000E-1,  5.155552029609680000E-1,  4.900824427604675300E-1,  4.926152825355530000E-1,  4.692874550819397000E-1,  5.128302574157715000E-1,  5.003279447555542000E-1,  5.450000166893005000E-1,  5.357408523559570000E-1,  4.820459485054016000E-1,  4.442495703697204600E-1,  4.468579590320587000E-1,  4.757837653160095000E-1,  5.183733701705933000E-1,  5.171275734901428000E-1,  4.584975838661194000E-1,                      0.5,  4.657962620258331300E-1,  5.139515995979309000E-1,  5.261703729629517000E-1,  4.977938830852508500E-1,  5.392027497291565000E-1,  4.961013197898865000E-1,  5.160534977912903000E-1,  5.432465076446533000E-1,  5.303564071655273000E-1,  4.746414124965668000E-1,  5.068364739418030000E-1,  5.020607113838196000E-1,  5.219402313232422000E-1,  5.119603276252747000E-1,  4.799556732177734400E-1,  5.112885832786560000E-1,  4.345023334026336700E-1,  5.346355438232422000E-1,  5.082119107246399000E-1,  4.622534215450287000E-1,  5.223880410194397000E-1,  4.628843069076538000E-1,  4.919546842575073000E-1,  5.018259882926941000E-1,  5.223557949066162000E-1,  4.921329319477081300E-1,  5.106021165847778000E-1,  4.682274162769317600E-1,  4.200109839439392000E-1,  4.436969757080078000E-1,  5.269137024879456000E-1,  5.226981639862060000E-1,  5.123351812362671000E-1,  4.434268772602081300E-1,  4.988684058189392000E-1,  5.279227495193481000E-1,  5.037395358085632000E-1,  5.328862071037292000E-1,  4.961501359939575000E-1,  5.162310600280762000E-1,  4.677354693412781000E-1,  4.810126721858978000E-1,  5.004420876502991000E-1,  5.424148440361023000E-1,  4.496591091156006000E-1,  4.768539369106293000E-1,  5.086297988891602000E-1,  5.113053917884827000E-1,  5.015411972999573000E-1,  5.069656968116760000E-1,  5.088400840759277000E-1,  5.016859769821167000E-1,  4.977524578571319600E-1,  5.036864280700684000E-1,  4.640371203422546400E-1,  4.727555811405182000E-1,  5.283314585685730000E-1,  4.700405001640320000E-1,  5.327720642089844000E-1,  5.326271653175354000E-1,  4.952279925346374500E-1,  4.694922268390655500E-1,  4.898017942905426000E-1,  5.386868715286255000E-1,  5.055031180381775000E-1,  4.404213428497314500E-1,  4.332107901573181000E-1,  5.066598653793335000E-1,  4.873239398002624500E-1,  4.977473020553589000E-1,  5.041710138320923000E-1,  5.064902901649475000E-1,  4.481700658798218000E-1,  5.011737346649170000E-1,  4.973599314689636000E-1,  4.907624721527099600E-1,  5.078376531600952000E-1,  5.357524156570435000E-1,  4.985023438930511500E-1,  4.864082932472229000E-1,  5.436541438102722000E-1,  4.882961213588714600E-1,  4.755406379699707000E-1,  5.622737407684326000E-1,  4.357298612594604500E-1,  5.119084119796753000E-1,  4.882321357727051000E-1,  5.108597278594971000E-1,  5.201622247695923000E-1,  5.301395058631897000E-1,                      0.5,                      0.5,                      0.5,                      0.5,  5.230191946029663000E-1,  4.914709031581878700E-1,  4.829824268817901600E-1,                      0.5,  4.910086989402771000E-1,                      0.5,                      0.5,  4.953070580959320000E-1,                      0.5,  4.761613011360168500E-1,  4.810469448566437000E-1,                      0.5], 
 [  5.085224509239197000E-1,  5.054833889007568000E-1,  4.907226562500000000E-1,  5.203725099563599000E-1,  5.186459422111511000E-1,  4.902761578559875500E-1,  4.887124001979828000E-1,  5.486963987350464000E-1,  5.231661200523376000E-1,  4.934300780296325700E-1,  5.060970187187195000E-1,  5.049657225608826000E-1,  5.211575627326965000E-1,  4.993218779563904000E-1,  5.198522806167603000E-1,  5.256505608558655000E-1,  4.817438423633575400E-1,  4.550205767154693600E-1,  4.390102326869964600E-1,  4.814483225345611600E-1,  5.152435898780823000E-1,  5.342618227005005000E-1,  4.503087103366852000E-1,                      0.5,  4.682642221450805700E-1,  5.029387474060059000E-1,  5.254911780357361000E-1,  4.830383360385895000E-1,  5.077639818191528000E-1,  5.016878843307495000E-1,  4.995763301849365000E-1,  5.458387136459351000E-1,  5.392895340919495000E-1,  4.742869734764099000E-1,  5.036024451255798000E-1,  4.969641268253326400E-1,  5.257982015609741000E-1,  4.990758001804352000E-1,  4.858668446540832500E-1,  5.225988626480103000E-1,  4.469812214374542000E-1,  5.521615147590637000E-1,  4.961621165275574000E-1,  4.876432716846466000E-1,  5.123466849327087000E-1,  4.875876307487488000E-1,  4.801069796085357700E-1,  5.156470537185669000E-1,  5.049472451210022000E-1,  5.069767236709595000E-1,  5.061915516853333000E-1,  4.700803756713867000E-1,  4.298877418041229000E-1,  4.912387728691101000E-1,  5.331088900566101000E-1,  5.363216400146484000E-1,  5.071496367454529000E-1,  4.637972712516784700E-1,  5.034047961235046000E-1,  5.138778686523438000E-1,  5.335078239440918000E-1,  5.338044166564941000E-1,  5.081555843353271000E-1,  4.981392025947571000E-1,  4.497313797473907500E-1,  5.100154280662537000E-1,  5.147863030433655000E-1,  5.618664622306824000E-1,  4.416058361530304000E-1,  5.136045813560486000E-1,  5.101663470268250000E-1,  5.014836788177490000E-1,  5.443511009216309000E-1,  5.126238465309143000E-1,  5.321273207664490000E-1,  4.937415719032287600E-1,  5.050301551818848000E-1,  4.859037995338440000E-1,  4.677419364452362000E-1,  5.031663775444031000E-1,  5.107933878898621000E-1,  5.081154108047485000E-1,  5.268349051475525000E-1,  5.436725616455078000E-1,  5.185383558273315000E-1,  4.621726870536804000E-1,  4.902807772159576400E-1,  5.348517894744873000E-1,  5.344513058662415000E-1,  4.342494606971741000E-1,  4.410896003246307400E-1,  5.036656856536865000E-1,  4.997765719890594500E-1,  5.032994747161865000E-1,  5.254504680633545000E-1,  4.658721685409546000E-1,  4.604035019874573000E-1,  4.997134804725647000E-1,  4.681957066059112500E-1,  4.834456443786621000E-1,  5.150795578956604000E-1,  5.334909558296204000E-1,  5.331279039382935000E-1,  4.854050874710083000E-1,  5.214015245437622000E-1,  4.770139157772064000E-1,  4.887127280235290500E-1,  5.126107931137085000E-1,  4.762443304061889600E-1,  5.128994584083557000E-1,  5.047842860221863000E-1,  5.125902891159058000E-1,  5.314801335334778000E-1,  5.324471592903137000E-1,                      0.5,                      0.5,                      0.5,                      0.5,  5.144079923629761000E-1,  4.681634008884430000E-1,  4.862698018550873000E-1,                      0.5,  4.931432902812958000E-1,                      0.5,                      0.5,  4.946110844612121600E-1,                      0.5,  4.782305955886841000E-1,  4.809395372867584000E-1,                      0.5], 
 [  4.965567290782928500E-1,  4.907226562500000000E-1,  4.947200119495392000E-1,  5.097901821136475000E-1,  4.967704117298126000E-1,  4.838038682937622000E-1,  4.808950126171112000E-1,  5.274999737739563000E-1,  5.148656964302063000E-1,  4.725627601146698000E-1,  4.946126341819763000E-1,  4.880382716655731000E-1,  5.410959124565125000E-1,  4.882511198520660400E-1,  5.137844681739807000E-1,  5.331422686576843000E-1,  4.735925793647766000E-1,  4.512061476707458500E-1,  4.377990365028381300E-1,  4.668079018592834500E-1,  5.084781050682068000E-1,  5.086342096328735000E-1,  4.728682041168213000E-1,                      0.5,  4.719583094120025600E-1,  4.923312962055206300E-1,  4.934245049953460700E-1,  4.958113431930542000E-1,  5.312380194664001000E-1,  4.654994904994964600E-1,  4.803675711154938000E-1,  5.406332612037659000E-1,  5.342080593109131000E-1,  4.632071554660797000E-1,  4.775624573230743400E-1,  4.916963279247284000E-1,  5.048678517341614000E-1,  5.000000000000000000E-1,  4.869851768016815000E-1,  4.883879721164703400E-1,  4.349691569805145000E-1,  5.443767905235290000E-1,  4.818594157695770000E-1,  4.762623608112335000E-1,  4.701670706272125000E-1,  4.769736826419830300E-1,  4.544795155525207500E-1,  5.012813806533813000E-1,  4.962878227233886700E-1,  4.776511788368225000E-1,  5.070118904113770000E-1,  4.974306225776672400E-1,  4.318034946918487500E-1,  4.981742203235626000E-1,  5.608011484146118000E-1,  5.050228238105774000E-1,  4.708926379680633500E-1,  4.219780266284942600E-1,  4.524744749069214000E-1,  5.248924493789673000E-1,  5.335570573806763000E-1,  5.346534848213196000E-1,  4.878048896789551000E-1,  4.829457402229309000E-1,  4.624505937099457000E-1,  4.432989656925201400E-1,  4.954218566417694000E-1,  5.231999754905701000E-1,  4.315068423748016400E-1,  5.078191757202148000E-1,  4.994045197963714600E-1,  4.939369559288025000E-1,  5.306748747825623000E-1,  4.945863187313080000E-1,  5.015936493873596000E-1,  4.722010791301727300E-1,  5.441067218780518000E-1,  4.781199395656585700E-1,  4.212962985038757300E-1,  4.882882833480835000E-1,  5.167003870010376000E-1,  4.658703207969665500E-1,  5.289403200149536000E-1,  5.130137205123901000E-1,  4.773049652576446500E-1,  4.690294861793518000E-1,  4.814443290233612000E-1,  5.304784178733826000E-1,  5.288574695587158000E-1,  3.968926668167114000E-1,  4.665493071079254000E-1,  5.050504803657532000E-1,  4.841219782829284700E-1,  5.192200541496277000E-1,  5.233278870582581000E-1,  5.090191364288330000E-1,  4.479665160179138000E-1,  4.893617033958435000E-1,  4.947220385074615500E-1,  4.850119948387146000E-1,  4.962852895259857000E-1,  5.276595950126648000E-1,  4.522144496440887500E-1,  4.663420915603637700E-1,  4.779840707778930700E-1,  4.649827778339386000E-1,  4.796905219554901000E-1,  5.607035756111145000E-1,  4.638374149799347000E-1,  5.204359889030457000E-1,  4.430823028087616000E-1,  5.346534848213196000E-1,  5.624591112136841000E-1,  5.203876495361328000E-1,                      0.5,                      0.5,                      0.5,                      0.5,  4.916974306106567400E-1,  4.865023493766784700E-1,  4.596469104290008500E-1,                      0.5,  4.793814420700073000E-1,                      0.5,                      0.5,  4.920701086521148700E-1,                      0.5,  4.676988720893860000E-1,  4.868035316467285000E-1,                      0.5], 
 [  5.205128192901611000E-1,  5.203725099563599000E-1,  5.097901821136475000E-1,  5.132601857185364000E-1,  5.258013606071472000E-1,  4.990375339984894000E-1,  5.043067932128906000E-1,  5.495192408561707000E-1,  5.268571376800537000E-1,  5.078418850898743000E-1,  5.121154785156250000E-1,  5.086792707443237000E-1,  5.379920601844788000E-1,  5.150038599967957000E-1,  5.193696618080139000E-1,  5.455787181854248000E-1,  4.867955446243286000E-1,  4.742309153079986600E-1,  4.535315930843353000E-1,  4.960897564888000500E-1,  5.220106840133667000E-1,  5.513235330581665000E-1,  4.715073406696319600E-1,                      0.5,  4.680695235729217500E-1,  5.081387162208557000E-1,  5.470932722091675000E-1,  5.075055956840515000E-1,  5.518474578857422000E-1,  5.075262188911438000E-1,  5.095857977867126000E-1,  5.708737969398499000E-1,  5.398089289665222000E-1,  4.617659449577331500E-1,  5.015974640846252000E-1,  5.241771340370178000E-1,  5.500622987747192000E-1,  5.279107093811035000E-1,  4.924222230911255000E-1,  5.224422216415405000E-1,  4.610138535499573000E-1,  5.698258280754089000E-1,  5.055038332939148000E-1,  4.888522028923034700E-1,  5.024433732032776000E-1,  4.764705896377563500E-1,  4.984869360923767000E-1,  5.294117927551270000E-1,  5.160298347473145000E-1,  4.986474215984344500E-1,  5.170940160751343000E-1,  5.058528184890747000E-1,  4.401913881301880000E-1,  5.004794001579285000E-1,  5.523316264152527000E-1,  5.312939286231995000E-1,  5.128387808799744000E-1,  4.511754214763641400E-1,  4.968084990978241000E-1,  5.141868591308594000E-1,  4.715718924999237000E-1,  5.321594476699829000E-1,  5.131433010101318000E-1,  5.278540849685669000E-1,  4.675768017768860000E-1,  5.261194109916687000E-1,  5.468227267265320000E-1,  5.471532940864563000E-1,  4.700222015380859400E-1,  5.154703259468079000E-1,  5.284243226051331000E-1,  4.930643141269684000E-1,  5.285242795944214000E-1,  5.058899521827698000E-1,  5.249440073966980000E-1,  4.960272312164306600E-1,  4.791271388530731000E-1,  4.991150498390198000E-1,  4.604691565036773700E-1,  5.185185074806213000E-1,  5.256525874137878000E-1,  4.970059990882873500E-1,  5.371363162994385000E-1,  5.595797300338745000E-1,  5.112680792808533000E-1,  4.808205366134643600E-1,  5.007148981094360000E-1,  5.525693893432617000E-1,  5.722041130065918000E-1,  4.447004497051239000E-1,  4.924165904521942000E-1,  4.679335057735443000E-1,  4.988567829132080000E-1,  5.436217188835144000E-1,  5.379464030265808000E-1,  5.228873491287231000E-1,  4.525014162063598600E-1,  4.894709885120392000E-1,  5.149999856948853000E-1,  4.888541400432586700E-1,  5.241680741310120000E-1,  5.592147111892700000E-1,  4.505327343940735000E-1,  5.115867853164673000E-1,  5.106215476989746000E-1,  4.758471548557281500E-1,  4.668786525726318400E-1,  5.811077952384949000E-1,  4.970544874668121300E-1,  4.954170584678650000E-1,  4.842289686203003000E-1,  5.122904777526855000E-1,  5.207060575485230000E-1,  5.236652493476868000E-1,                      0.5,                      0.5,                      0.5,                      0.5,  5.109934806823730000E-1,  4.784288406372070300E-1,  4.971010088920593000E-1,                      0.5,  5.047744512557983000E-1,                      0.5,                      0.5,  5.008613467216492000E-1,                      0.5,  4.725752472877502400E-1,  4.983432590961456300E-1,                      0.5], 
 [  5.163102149963379000E-1,  5.186459422111511000E-1,  4.967704117298126000E-1,  5.258013606071472000E-1,  5.113527178764343000E-1,  5.074579119682312000E-1,  5.071516633033752000E-1,  5.535184144973755000E-1,  5.240033268928528000E-1,  5.080367922782898000E-1,  5.094553828239441000E-1,  4.994471371173858600E-1,  5.367431640625000000E-1,  5.142498612403870000E-1,  5.426017642021179000E-1,  5.255301594734192000E-1,  5.021225214004517000E-1,  4.642930328845978000E-1,  4.541793763637543000E-1,  4.938073158264160000E-1,  5.211473703384399000E-1,  5.244662761688232000E-1,  4.545351266860962000E-1,                      0.5,  4.660611450672149700E-1,  4.977958500385284400E-1,  5.237156152725220000E-1,  5.111519098281860000E-1,  5.409137606620789000E-1,  4.902880191802978500E-1,  4.917262196540832500E-1,  5.573952198028564000E-1,  5.451334118843079000E-1,  4.620314538478851300E-1,  4.931678771972656000E-1,  5.251029729843140000E-1,  5.357480049133301000E-1,  5.211138129234314000E-1,  4.806405007839203000E-1,  5.051240324974060000E-1,  4.563298821449280000E-1,  5.494872927665710000E-1,  5.123378038406372000E-1,  4.905606210231781000E-1,  5.071754455566406000E-1,  4.916052222251892000E-1,  4.995810091495514000E-1,  5.136353969573975000E-1,  5.256899595260620000E-1,  5.049694180488586000E-1,  5.271745920181274000E-1,  4.783086180686950700E-1,  4.555333256721496600E-1,  4.787268340587616000E-1,  5.516692996025085000E-1,  5.513846278190613000E-1,  5.074020028114319000E-1,  4.604430496692657500E-1,  4.855625629425049000E-1,  5.345220565795898000E-1,  5.264957547187805000E-1,  5.435870289802551000E-1,  5.138157606124878000E-1,  5.145728588104248000E-1,  4.773693382740021000E-1,  4.417910575866699000E-1,  5.260247588157654000E-1,  5.391696691513062000E-1,  4.691267907619476300E-1,  5.303499698638916000E-1,  5.262524485588074000E-1,  5.012323856353760000E-1,  5.468912124633789000E-1,  5.058813691139221000E-1,  5.234475135803223000E-1,  4.917878806591034000E-1,  5.241709947586060000E-1,  5.100368857383728000E-1,  4.755814075469970700E-1,  4.947780668735504000E-1,  5.421166419982910000E-1,  5.126282572746277000E-1,  5.217630863189697000E-1,  5.436334013938904000E-1,  5.034102797508240000E-1,  4.582707583904266400E-1,  5.066459774971008000E-1,  5.399305820465088000E-1,  5.328947305679321000E-1,  4.199852645397186300E-1,  4.783689677715301500E-1,  5.280508995056152000E-1,  5.120209455490112000E-1,  5.223385691642761000E-1,  5.304645895957947000E-1,  5.203368067741394000E-1,  4.629126191139221000E-1,  4.977655112743377700E-1,  5.124421715736389000E-1,  5.095152854919434000E-1,  5.256515741348267000E-1,  5.540210008621216000E-1,  4.989022910594940000E-1,  5.170190334320068000E-1,  5.033608675003052000E-1,  4.778019785881042500E-1,  4.939228296279907000E-1,  5.527201294898987000E-1,  4.725738465785980000E-1,  5.066938400268555000E-1,  4.732645452022552500E-1,  5.069444179534912000E-1,  5.306374430656433000E-1,  5.353174805641174000E-1,                      0.5,                      0.5,                      0.5,                      0.5,  5.182435512542725000E-1,  4.922459125518799000E-1,  4.779534935951233000E-1,                      0.5,  4.892891943454742400E-1,                      0.5,                      0.5,  5.154214501380920000E-1,                      0.5,  4.728635251522064000E-1,  5.005462765693665000E-1,                      0.5], 
 [  4.698238968849182000E-1,  4.902761578559875500E-1,  4.838038682937622000E-1,  4.990375339984894000E-1,  5.074579119682312000E-1,  4.879218637943268000E-1,  4.810473918914795000E-1,  4.949745535850525000E-1,  5.177167654037476000E-1,  4.952998459339142000E-1,  4.994993805885315000E-1,  4.509047865867615000E-1,  5.212634205818176000E-1,  5.007463097572327000E-1,  5.373545885086060000E-1,  5.228793621063232000E-1,  4.804374873638153000E-1,  4.187770187854767000E-1,  4.248456656932831000E-1,  5.169326663017273000E-1,  4.895340502262115500E-1,  4.956409037113189700E-1,  4.382040202617645000E-1,                      0.5,  4.389559030532837000E-1,  4.785511493682861300E-1,  5.143849253654480000E-1,  4.938833713531494000E-1,  5.323915481567383000E-1,  4.783969521522522000E-1,  4.786939024925232000E-1,  5.183630585670471000E-1,  5.215064883232117000E-1,  4.301182627677917500E-1,  4.901293516159057600E-1,  5.011535882949829000E-1,  5.142184495925903000E-1,  5.055937767028809000E-1,  4.622798264026642000E-1,  5.015868544578552000E-1,  4.258776605129242000E-1,  5.379310250282288000E-1,  4.856738448143005400E-1,  4.675374925136566000E-1,  4.612878561019897500E-1,  4.971040189266205000E-1,  4.741342067718506000E-1,  5.172105431556702000E-1,  5.137046575546265000E-1,  4.943404793739319000E-1,  4.899454116821289000E-1,  4.578544199466705300E-1,  4.184386432170868000E-1,  4.416088759899139400E-1,  5.133008360862732000E-1,  5.190028548240662000E-1,  4.997264742851257300E-1,  4.192027449607849000E-1,  4.750905930995941000E-1,  5.155709385871887000E-1,  4.664804339408874500E-1,  5.142457485198975000E-1,  5.053116679191589000E-1,  4.857400953769684000E-1,  4.597989916801452600E-1,  4.512820541858673000E-1,  5.031415224075317000E-1,  4.960951209068298300E-1,  4.504034221172333000E-1,  4.828160703182220500E-1,  4.923707246780395500E-1,  4.852941036224365000E-1,  5.108345150947571000E-1,  4.655392169952392600E-1,  4.930764734745025600E-1,  4.715591669082641600E-1,  4.867744445800781000E-1,  4.821933209896087600E-1,  4.781308472156524700E-1,  4.747977554798126000E-1,  5.121910572052002000E-1,  4.356672763824463000E-1,  5.143808126449585000E-1,  5.253521203994751000E-1,  5.222793221473694000E-1,  4.433943629264831500E-1,  4.822924137115478500E-1,  5.187213420867920000E-1,  4.743311703205108600E-1,  4.286718070507049600E-1,  4.463812112808227500E-1,  4.636785089969635000E-1,  4.717741906642914000E-1,  4.998959004878998000E-1,  4.944178760051727300E-1,  4.905529618263244600E-1,  4.163089990615845000E-1,  4.801264703273773000E-1,  4.887007474899292000E-1,  4.730464518070221000E-1,  4.805438816547394000E-1,  5.279478430747986000E-1,  4.889791309833526600E-1,  4.896005988121032700E-1,  4.808024168014526400E-1,  4.411592483520508000E-1,  4.803662598133087000E-1,  5.264975428581238000E-1,  4.385733008384704600E-1,  4.895527362823486300E-1,  4.671037793159485000E-1,  4.821220040321350000E-1,  5.272781848907471000E-1,  4.961155354976654000E-1,                      0.5,                      0.5,                      0.5,                      0.5,  4.921861290931701700E-1,  4.572121798992157000E-1,  4.504137933254242000E-1,                      0.5,  4.741491377353668000E-1,                      0.5,                      0.5,  4.868150949478149400E-1,                      0.5,  4.539482593536377000E-1,  4.762146174907684300E-1,                      0.5], 
 [  4.991885721683502000E-1,  4.887124001979828000E-1,  4.808950126171112000E-1,  5.043067932128906000E-1,  5.071516633033752000E-1,  4.810473918914795000E-1,  4.923843741416931000E-1,  5.324326753616333000E-1,  5.182971954345703000E-1,  4.956080317497253400E-1,  4.850078225135803000E-1,  4.837911725044250500E-1,  5.077839493751526000E-1,  4.942009150981903000E-1,  5.344300866127014000E-1,  5.188899636268616000E-1,  4.869011640548706000E-1,  4.430929720401764000E-1,  4.304818212985992400E-1,  4.872178137302398700E-1,  5.056430697441101000E-1,  5.016658306121826000E-1,  4.377171099185943600E-1,                      0.5,  4.467507600784302000E-1,  4.894773662090301500E-1,  5.180601477622986000E-1,  4.989556968212127700E-1,  5.244671106338501000E-1,  4.708991050720215000E-1,  4.828719496726990000E-1,  5.313452482223511000E-1,  5.148854255676270000E-1,  4.405786395072937000E-1,  4.753097593784332000E-1,  5.022324919700623000E-1,  5.016266703605652000E-1,  5.133364796638489000E-1,  4.730720520019531000E-1,  4.810126721858978000E-1,  4.340464174747467000E-1,  5.492685437202454000E-1,  4.979944527149200400E-1,  4.793818891048431400E-1,  4.824049472808838000E-1,  4.708274006843567000E-1,  4.795984029769897500E-1,  4.962331652641296400E-1,  5.104573965072632000E-1,  4.883529841899872000E-1,  4.806414544582367000E-1,  4.513246119022369400E-1,  4.354557991027832000E-1,  4.598070681095123300E-1,  5.125962495803833000E-1,  5.445064902305603000E-1,  4.891774952411651600E-1,  4.316154718399048000E-1,  4.917960166931152300E-1,  5.216405391693115000E-1,  4.937261343002319300E-1,  5.397812128067017000E-1,  5.048328638076782000E-1,  4.863620996475220000E-1,  4.737596809864044000E-1,  4.547325074672699000E-1,  5.034722089767456000E-1,  5.344415307044983000E-1,  4.394921660423279000E-1,  5.101802349090576000E-1,  5.076944828033447000E-1,  4.719175100326538000E-1,  5.303130149841309000E-1,  4.834571182727813700E-1,  5.082187056541443000E-1,  4.993392527103424000E-1,  5.108333230018616000E-1,  4.923689365386963000E-1,  4.558823406696319600E-1,  5.156852006912231000E-1,  5.146589875221252000E-1,  4.872010052204132000E-1,  5.106951594352722000E-1,  5.206257104873657000E-1,  5.051090121269226000E-1,  4.402379989624023400E-1,  4.766662716865539600E-1,  5.230818986892700000E-1,  5.090305805206299000E-1,  4.290620982646942000E-1,  4.604938328266144000E-1,  5.192616581916809000E-1,  4.862553179264068600E-1,  4.909401237964630000E-1,  5.077936053276062000E-1,  5.034770369529724000E-1,  4.381854534149170000E-1,  4.932293295860290500E-1,  4.903362691402435300E-1,  4.630082249641418500E-1,  4.880529344081878700E-1,  5.274074077606201000E-1,  4.877300560474396000E-1,  4.888334274291992000E-1,  4.788478910923004000E-1,  4.640749096870422400E-1,  4.632393717765808000E-1,  5.384132266044617000E-1,  4.827195405960083000E-1,  4.961692690849304000E-1,  4.777056872844696000E-1,  4.719551205635071000E-1,  5.250048637390137000E-1,  5.231087803840637000E-1,                      0.5,                      0.5,                      0.5,                      0.5,  4.956358969211578400E-1,  4.676129519939422600E-1,  4.626780748367309600E-1,                      0.5,  4.739294350147247300E-1,                      0.5,                      0.5,  4.875426888465881300E-1,                      0.5,  4.527105093002319300E-1,  4.675186276435852000E-1,                      0.5], 
 [  4.878975749015808000E-1,  5.486963987350464000E-1,  5.274999737739563000E-1,  5.495192408561707000E-1,  5.535184144973755000E-1,  4.949745535850525000E-1,  5.324326753616333000E-1,  5.370221734046936000E-1,  5.602575540542603000E-1,  5.205214619636536000E-1,  5.292814373970032000E-1,  4.867857098579407000E-1,  5.640140175819397000E-1,  5.333513021469116000E-1,  5.764448642730713000E-1,  5.708727240562439000E-1,  5.339274406433105000E-1,  4.739439487457275400E-1,  4.883619844913482700E-1,  5.354442000389099000E-1,  5.492939949035645000E-1,  5.529569387435913000E-1,  4.914684891700744600E-1,                      0.5,  5.003692507743835000E-1,  5.436265468597412000E-1,  5.612218976020813000E-1,  5.414644479751587000E-1,  5.738078355789185000E-1,  5.252501368522644000E-1,  5.368421077728271000E-1,  5.668218135833740000E-1,  5.618469715118408000E-1,  4.970206320285797000E-1,  5.298989415168762000E-1,  5.312609076499939000E-1,  5.458455681800842000E-1,  5.425557494163513000E-1,  5.200875997543335000E-1,  5.539416074752808000E-1,  4.380053877830505400E-1,  5.664654374122620000E-1,  5.365009903907776000E-1,  4.912202358245849600E-1,  5.342438817024231000E-1,  5.063726902008057000E-1,  5.229378938674927000E-1,  5.546618700027466000E-1,  5.681598782539368000E-1,  5.280534625053406000E-1,  5.555555820465088000E-1,  5.140308737754822000E-1,  4.563187658786773700E-1,  4.784110486507416000E-1,  5.683223009109497000E-1,  5.428896546363831000E-1,  5.260690450668335000E-1,  4.767801761627197000E-1,  5.136612057685852000E-1,  5.720074176788330000E-1,  5.396532416343689000E-1,  5.744803547859192000E-1,  5.245153903961182000E-1,  5.475692749023438000E-1,  5.000869035720825000E-1,  4.827235639095306400E-1,  5.324364900588989000E-1,  5.631154179573059000E-1,  4.964472353458404500E-1,  5.070640444755554000E-1,  5.543450117111206000E-1,  5.373756289482117000E-1,  5.693300962448120000E-1,  5.363847613334656000E-1,  5.475540161132812000E-1,  5.420446395874023000E-1,  5.422794222831726000E-1,  5.315938591957092000E-1,  5.003129839897156000E-1,  5.315829515457153000E-1,  5.675356984138489000E-1,  5.385894775390625000E-1,  5.554254651069641000E-1,  5.871778130531311000E-1,  5.432277917861938000E-1,  5.034020543098450000E-1,  5.298498272895813000E-1,  5.821719765663147000E-1,  5.449101924896240000E-1,  4.688404798507690400E-1,  4.827671051025390600E-1,  5.339055657386780000E-1,  5.015463829040527000E-1,  5.186432003974915000E-1,  5.240404605865479000E-1,  5.597609281539917000E-1,  5.074755549430847000E-1,  5.269757509231567000E-1,  5.221617221832275000E-1,  5.277551412582397000E-1,  5.453859567642212000E-1,  5.556975007057190000E-1,  5.418994426727295000E-1,  5.298113822937012000E-1,  5.405859947204590000E-1,  5.192293524742126000E-1,  5.197092294692993000E-1,  5.931065678596497000E-1,  4.424778819084167500E-1,  5.327648520469666000E-1,  5.237990021705627000E-1,  5.215372443199158000E-1,  5.743116140365601000E-1,  5.430591106414795000E-1,                      0.5,                      0.5,                      0.5,                      0.5,  5.511913895606995000E-1,  5.241457819938660000E-1,  5.271890163421631000E-1,                      0.5,  5.202185511589050000E-1,                      0.5,                      0.5,  5.435195565223694000E-1,                      0.5,  5.040195584297180000E-1,  5.285714268684387000E-1,                      0.5], 
 [  5.155552029609680000E-1,  5.231661200523376000E-1,  5.148656964302063000E-1,  5.268571376800537000E-1,  5.240033268928528000E-1,  5.177167654037476000E-1,  5.182971954345703000E-1,  5.602575540542603000E-1,  5.178702473640442000E-1,  5.072793960571289000E-1,  5.171586871147156000E-1,  5.112487673759460000E-1,  5.459427833557129000E-1,  5.091167688369751000E-1,  5.388982295989990000E-1,  5.484747290611267000E-1,  5.127265453338623000E-1,  4.778122901916504000E-1,  4.672533273696899400E-1,  5.086261034011841000E-1,  5.226732492446899000E-1,  5.484773516654968000E-1,  4.802918136119842500E-1,                      0.5,  4.703089594841003400E-1,  5.254560708999634000E-1,  5.492551326751709000E-1,  5.157403349876404000E-1,  5.656097531318665000E-1,  5.090197920799255000E-1,  5.165109038352966000E-1,  5.512218475341797000E-1,  5.550479888916016000E-1,  4.735607802867889400E-1,  5.055156946182251000E-1,  5.289166569709778000E-1,  5.361086130142212000E-1,  5.325987339019775000E-1,  4.923218786716461000E-1,  5.065768361091614000E-1,  4.751477837562561000E-1,  5.686423182487488000E-1,  5.224086046218872000E-1,  5.002757906913757000E-1,  5.115718245506287000E-1,  4.916666746139526400E-1,  4.958392977714538600E-1,  5.311170816421509000E-1,  5.486756563186646000E-1,  5.028281807899475000E-1,  5.172504782676697000E-1,  4.933517873287201000E-1,  4.551778733730316000E-1,  4.904542565345764000E-1,  5.369493961334229000E-1,  5.307262539863586000E-1,  5.039221048355103000E-1,  4.504007995128631600E-1,  5.010579228401184000E-1,  5.542489290237427000E-1,  5.146823525428772000E-1,  5.148357748985290000E-1,  5.118770003318787000E-1,  5.183490514755249000E-1,  4.917742311954498300E-1,  4.684838056564331000E-1,  5.416358113288879000E-1,  5.460643768310547000E-1,  4.732795655727386500E-1,  5.330468416213989000E-1,  5.194939970970154000E-1,  4.974378347396850600E-1,  5.556311011314392000E-1,  5.075970888137817000E-1,  5.221925973892212000E-1,  5.164291262626648000E-1,  5.185106992721558000E-1,  5.277656316757202000E-1,  4.873551130294800000E-1,  4.987592995166778600E-1,  5.428127646446228000E-1,  5.186813473701477000E-1,  5.275577306747437000E-1,  5.517560243606567000E-1,  5.145046114921570000E-1,  4.703369438648224000E-1,  5.008035898208618000E-1,  5.397727489471436000E-1,  5.256249904632568000E-1,  4.430504441261291500E-1,  4.802342653274536000E-1,  5.188018083572388000E-1,  5.103078484535217000E-1,  5.178022980690002000E-1,  5.330717563629150000E-1,  5.312076210975647000E-1,  4.693178832530975300E-1,  5.172940492630005000E-1,  5.095245838165283000E-1,  5.111227035522461000E-1,  5.216254591941833000E-1,  5.550376772880554000E-1,  5.099476575851440000E-1,  5.165920257568359000E-1,  4.857703745365143000E-1,  4.962031543254852300E-1,  4.858397245407104500E-1,  5.770962834358215000E-1,  4.946537315845489500E-1,  5.108232498168945000E-1,  4.959008991718292000E-1,  5.073512196540833000E-1,  5.402613878250122000E-1,  5.410959124565125000E-1,                      0.5,                      0.5,                      0.5,                      0.5,  5.197159647941589000E-1,  4.965678453445434600E-1,  4.873560369014740000E-1,                      0.5,  4.937748610973358000E-1,                      0.5,                      0.5,  5.216981172561646000E-1,                      0.5,  4.733460843563080000E-1,  4.968731105327606000E-1,                      0.5], 
 [  4.900824427604675300E-1,  4.934300780296325700E-1,  4.725627601146698000E-1,  5.078418850898743000E-1,  5.080367922782898000E-1,  4.952998459339142000E-1,  4.956080317497253400E-1,  5.205214619636536000E-1,  5.072793960571289000E-1,  4.874267876148224000E-1,  4.593979120254516600E-1,  4.899948835372925000E-1,  5.110768079757690000E-1,  4.858467578887939500E-1,  5.148004889488220000E-1,  5.269253253936768000E-1,  4.556271731853485000E-1,  4.459217488765716600E-1,  4.323504567146301000E-1,  4.803162217140198000E-1,  4.885349869728088400E-1,  4.875452220439911000E-1,  4.348416328430176000E-1,                      0.5,  4.447411596775055000E-1,  4.892082512378692600E-1,  5.155916810035706000E-1,  4.805750548839569000E-1,  5.250862836837769000E-1,  4.798794984817505000E-1,  4.994163215160370000E-1,  5.388757586479187000E-1,  5.097647309303284000E-1,  4.337697029113769500E-1,  4.706149697303772000E-1,  4.818103015422821000E-1,  5.173791646957397000E-1,  5.073664784431458000E-1,  4.691577553749084500E-1,  4.886027574539184600E-1,  4.421219527721405000E-1,  5.246644020080566000E-1,  4.771714806556701700E-1,  4.566318690776825000E-1,  4.812680184841156000E-1,  4.334470927715301500E-1,  4.689143300056457500E-1,  4.913176596164703400E-1,  5.072906613349915000E-1,  4.662099778652191000E-1,  5.118123888969421000E-1,  4.558960199356079000E-1,  4.325170218944549600E-1,  4.492105245590210000E-1,  5.075825452804565000E-1,  4.951734840869903600E-1,  4.748470485210418700E-1,  4.228329956531524700E-1,  4.556074738502502400E-1,  5.185444355010986000E-1,  5.078260898590088000E-1,  5.127354860305786000E-1,  4.891766011714935300E-1,  4.833333194255829000E-1,  4.362727701663971000E-1,  4.542056024074554400E-1,  5.097765326499939000E-1,  5.178375840187073000E-1,  4.496919810771942000E-1,  5.094743371009827000E-1,  4.966527223587036000E-1,  4.849023222923279000E-1,  4.830597341060638400E-1,  4.750085473060608000E-1,  4.947578012943268000E-1,  4.625000059604645000E-1,  4.971774220466614000E-1,  4.525277316570282000E-1,  4.502750635147095000E-1,  4.920634925365448000E-1,  5.028427243232727000E-1,  4.607535302639007600E-1,  5.009872317314148000E-1,  5.233189463615417000E-1,  4.878393709659576400E-1,  4.555652141571045000E-1,  4.957983195781708000E-1,  5.244963765144348000E-1,  4.996191859245300300E-1,  4.480503201484680000E-1,  4.396234154701233000E-1,  4.821073412895202600E-1,  4.876052439212799000E-1,  4.707477688789367700E-1,  5.030686855316162000E-1,  4.920669794082641600E-1,  4.372283816337585400E-1,  4.764816462993622000E-1,  4.889464676380157500E-1,  4.749869406223297000E-1,  4.989310503005981400E-1,  5.354027748107910000E-1,  5.023760795593262000E-1,  4.745944440364837600E-1,  5.042744278907776000E-1,  4.635406434535980000E-1,  4.636545479297638000E-1,  5.443910360336304000E-1,  4.595249593257904000E-1,  4.903110265731811500E-1,  4.513497650623321500E-1,  4.751107692718506000E-1,  5.037159323692322000E-1,  5.114926099777222000E-1,                      0.5,                      0.5,                      0.5,                      0.5,  4.954671561717987000E-1,  4.606914818286896000E-1,  4.638101458549499500E-1,                      0.5,  4.824316501617431600E-1,                      0.5,                      0.5,  4.870243966579437000E-1,                      0.5,  4.529550075531006000E-1,  4.761169552803039600E-1,                      0.5], 
 [  4.926152825355530000E-1,  5.060970187187195000E-1,  4.946126341819763000E-1,  5.121154785156250000E-1,  5.094553828239441000E-1,  4.994993805885315000E-1,  4.850078225135803000E-1,  5.292814373970032000E-1,  5.171586871147156000E-1,  4.593979120254516600E-1,  4.952932298183441000E-1,  4.873056113719940000E-1,  4.884961545467376700E-1,  4.975070953369140600E-1,  5.312930941581726000E-1,  5.120158791542053000E-1,  4.310776889324188000E-1,  4.461757838726043700E-1,  4.266147017478943000E-1,  4.843266010284424000E-1,  4.987868070602417000E-1,  4.915867447853088400E-1,  4.312970936298370400E-1,                      0.5,  4.575872123241424600E-1,  5.024040937423706000E-1,  5.274148583412170000E-1,  5.045007467269897000E-1,  5.325380563735962000E-1,  4.895603656768799000E-1,  4.904127120971679700E-1,  5.371933579444885000E-1,  5.252755284309387000E-1,  3.946380615234375000E-1,  4.735056459903717000E-1,  4.833479523658752400E-1,  5.139831304550171000E-1,  4.962216615676880000E-1,  4.605519473552704000E-1,  5.018365979194641000E-1,  4.457500278949737500E-1,  5.416653156280518000E-1,  4.699049592018127400E-1,  4.920613765716553000E-1,  4.795772135257721000E-1,  3.925133645534515400E-1,  4.634766578674316400E-1,  4.861202239990234400E-1,  5.139775276184082000E-1,  4.994930326938629000E-1,  5.039870738983154000E-1,  4.385714232921600300E-1,  4.218214154243469000E-1,  4.768948256969452000E-1,  4.977124929428100600E-1,  5.234720706939697000E-1,  5.102083086967468000E-1,  4.209030568599701000E-1,  4.614607095718384000E-1,  5.354462862014770000E-1,  4.476048052310943600E-1,  5.304698944091797000E-1,  5.019138455390930000E-1,  4.944342672824859600E-1,  4.176367819309234600E-1,  4.716386497020721400E-1,  5.008851885795593000E-1,  5.251721739768982000E-1,  4.375745058059692400E-1,  5.130323171615601000E-1,  5.214897990226746000E-1,  4.645133912563324000E-1,  4.732824563980102500E-1,  4.802786409854889000E-1,  5.137941837310791000E-1,  4.977092742919922000E-1,  4.862496852874756000E-1,  4.932457208633423000E-1,  4.608549475669861000E-1,  4.736526906490326000E-1,  5.443395972251892000E-1,  3.948256373405456500E-1,  5.116136074066162000E-1,  5.309457778930664000E-1,  4.954096674919128400E-1,  4.549787044525146500E-1,  4.849800467491150000E-1,  5.284006595611572000E-1,  5.080385804176331000E-1,  4.313580691814422600E-1,  4.524752497673034700E-1,  4.823943674564361600E-1,  4.803868532180786000E-1,  4.612983763217926000E-1,  5.195502042770386000E-1,  4.996264874935150000E-1,  4.378957748413086000E-1,  4.705008864402771000E-1,  4.945667088031769000E-1,  4.929436445236206000E-1,  5.010370612144470000E-1,  5.257428884506226000E-1,  4.745002090930938700E-1,  5.020543336868286000E-1,  4.907971620559692400E-1,  4.078150689601898000E-1,  4.791115820407867400E-1,  5.360690951347351000E-1,  4.639346599578857400E-1,  4.927761554718017600E-1,  4.835308194160461400E-1,  4.841269850730896000E-1,  4.871395230293274000E-1,  5.142359137535095000E-1,                      0.5,                      0.5,                      0.5,                      0.5,  5.138936042785645000E-1,  4.717065095901489000E-1,  4.706900715827942000E-1,                      0.5,  4.832060039043426500E-1,                      0.5,                      0.5,  4.789513349533081000E-1,                      0.5,  4.569432437419891400E-1,  4.864906668663025000E-1,                      0.5], 
